-6.25
-5.58
-5.39
-5.27
-5.09
-4.94
-4.78
-4.76
-4.76
-4.68
-4.64
-4.6
-4.5
-4.47
-4.46
-4.39
-4.34
-4.29
-4.27
-4.23
-4.23
-4.23
-4.2
-4.2
-4.19
-4.17
-4.17
-4.15
-4.15
-4.1
-4.08
-4.08
-4.08
-4.06
-4.05
-4.04
-3.99
-3.99
-3.98
-3.97
-3.93
-3.9
-3.86
-3.86
-3.84
-3.83
-3.83
-3.82
-3.81
-3.8
-3.79
-3.79
-3.78
-3.76
-3.76
-3.76
-3.76
-3.76
-3.74
-3.74
-3.74
-3.73
-3.73
-3.72
-3.72
-3.71
-3.7
-3.69
-3.68
-3.68
-3.68
-3.68
-3.67
-3.65
-3.65
-3.65
-3.64
-3.63
-3.63
-3.62
-3.61
-3.6
-3.58
-3.58
-3.57
-3.57
-3.56
-3.55
-3.55
-3.55
-3.54
-3.54
-3.54
-3.53
-3.51
-3.51
-3.49
-3.49
-3.49
-3.48
